0 0
1 0
3 0
7 0
11 0
20 0
22 0
33 0
44 0
0 1
2 1
5 1
6 1
19 1
1 2
4 2
16 2
17 2
43 2
2 3
11 3
12 3
14 3
27 3
30 3
2 4
4 4
17 4
28 4
1 5
3 5
5 5
6 5
10 5
12 5
27 5
38 5
39 5
0 6
7 6
9 6
11 6
12 6
27 6
11 7
32 7
38 7
5 8
13 8
28 8
47 8
2 9
13 9
11 10
21 10
9 11
10 11
23 11
41 11
6 12
9 12
10 12
22 12
23 12
3 13
6 13
8 13
9 13
42 13
0 14
2 14
10 14
15 14
36 14
0 15
1 15
4 15
28 15
29 15
32 15
33 15
0 16
2 16
8 16
18 16
23 16
34 16
1 17
6 17
13 17
33 17
38 17
0 18
4 18
12 18
21 18
3 19
19 19
26 20
43 20
45 20
32 21
39 21
44 21
14 22
35 22
38 22
10 23
35 23
36 23
44 23
26 24
31 24
3 25
4 25
9 25
25 25
18 26
20 26
29 26
7 27
10 27
17 27
4 28
25 28
39 28
45 28
0 29
3 29
30 29
36 29
44 29
1 30
16 30
19 30
5 31
6 31
19 31
24 31
28 31
12 32
15 32
21 32
11 33
16 33
26 33
34 33
37 33
38 34
40 34
16 35
27 36
40 36
6 38
37 38
25 39
28 39
40 39
47 39
31 40
36 40
23 41
11 42
3 43
31 43
40 43
0 44
4 44
3 45
34 45
2 46
12 46
15 46
30 46
33 46
35 46
6 47
26 47
31 47
23 48
26 48
42 48
1 49
21 49
22 49
0 50
21 50
10 51
23 53
30 53
22 54
23 54
42 54
3 55
8 55
13 55
22 55
36 55
42 55
15 56
25 56
11 57
2 58
21 58
0 59
14 59
20 59
46 59
7 60
14 60
29 60
2 61
21 61
12 62
37 62
40 62
44 62
6 63
11 63
41 63
17 67
41 67
32 68
5 69
18 70
45 70
19 71
24 71
31 71
47 71
4 72
9 72
15 72
1 73
9 73
15 73
2 74
4 74
14 75
28 75
33 76
38 77
25 78
9 79
35 80
24 81
7 82
25 82
21 83
35 84
38 85
44 85
21 86
6 87
0 88
7 88
6 89
21 90
22 90
47 91
1 93
0 94
20 94
39 100
41 100
17 101
41 101
3 102
36 102
1 103
28 103
29 103
37 103
11 104
19 104
33 105
9 106
23 107
22 108
41 112
43 113
35 115
12 116
16 116
1 117
16 117
3 118
8 118
10 118
8 119
19 119
18 120
46 120
41 123
3 124
27 127
