   0    0   20
   0   11    4
   0   11   51
   0    1    3
   0   14    9
   0   16   26
   0   17   13
   0   17   17
   0   17   45
   0   19   22
   0   19    3
   0   20    7
   0   22    1
   0    2   25
   0   23   18
   0    2   35
   0   24   34
   0   24    6
   0   26   56
   0   27   11
   0   29    2
   0   29   30
   0   31    7
   0   32   47
   0    3   39
   0   35   24
   0    3   53
   0   37   15
   0   40   59
   0   41    5
   0   42   37
   0   43   32
   0   48   56
   0    4    9
   0   50   23
   0   51   45
   0    5   16
   0   56    7
   0   58   36
   0   60    1
   0    6    1
   0    6   29
   0    6   58
   0    8   13
   0    8   47
   0    9   11
  10    0    8
  10   10    6
  10   10    8
  10   11   42
  10   12   11
  10   12   23
  10   12   30
  10    1   24
  10    1   37
  10    1   40
  10   14    2
  10   14   61
  10   15    5
  10   16   16
  10   17   35
  10   17    8
  10   18   20
  10   19   13
  10   20   40
  10   21   12
  10   21   27
  10    2   25
  10   22    7
  10   23    6
  10   24   25
  10   25   13
  10   26    2
  10   26   44
  10   27   51
  10   28    1
  10   28   17
  10   29   19
  10   29    6
  10    3    1
  10    3   15
  10   32   38
  10    3   30
  10   34   29
  10   35    2
  10   35   64
  10   37   12
  10   37   19
  10   37   32
  10    4    0
  10    4   17
  10   42   42
  10   43   50
  10   44   21
  10   45   15
  10    4   57
  10   45    8
  10   48   44
  10   50    2
  10    5   28
  10   53   28
  10   54    6
  10   59   19
  10   59    2
  10   60   53
  10    6   20
  10    6   49
  10    7   34
  10    7    4
  10    7    5
  10    8    3
  10    8    4
  10    9   53
   1   10   11
   1   10   14
   1   10   27
   1   10   41
   1    1   10
  11   10    1
  11   10   33
  11   10    4
  11   11   29
  11    1   13
  11   11   57
  11   12   10
  11   13   34
  11   13   49
   1   11   41
  11   14    2
  11   14   26
  11   15    7
  11   16    3
   1   11    7
  11   17   22
  11   18   17
  11   19    9
  11   20   15
  11    2    1
  11    2   12
  11    2   14
  11   21   47
  11   21   62
   1   12   19
  11   22   15
  11   22   43
  11    2   28
  11   23   57
   1    1   25
  11   25   34
  11   26    4
  11   28   36
  11   29   33
  11   29    6
   1    1   30
  11   30   56
  11   31   10
  11   31   13
  11    3   16
   1   13   18
  11   31    9
  11    3    2
  11    3    3
   1   13   33
  11   33   47
   1   13    4
  11   34   17
  11    3   44
  11   34    4
   1   13   46
   1   13   60
  11   36   22
  11   36    7
  11   37   47
  11   39   23
  11   39   26
   1   14    1
  11   41    3
  11    4   20
  11   43   11
  11    4    5
   1   14   50
  11   46    0
  11   49   19
   1   15    1
  11   51   24
  11    5   21
   1   15   22
  11   53   55
  11    5   36
   1   15    5
  11   55   32
  11   56    7
  11   57    5
  11    5    8
   1   16   15
  11   63   25
  11    6    7
   1    1    7
  11    7   27
   1   17    3
  11    7   41
  11    7   58
  11    8   25
   1   18   26
   1   18   40
  11    9   14
   1   19   20
   1   19    7
   1   19    9
   1   20   32
   1   20   36
  12   10   19
  12   10   23
  12   10   51
   1   21   12
  12    1   15
  12   11    5
  12    1   19
  12   12   24
  12   13   10
  12   13   11
  12   14   13
  12    1   50
  12   15   26
   1   21   59
  12   17   18
  12    1    8
  12   18   60
  12   18   64
  12   19    1
  12   19   29
  12   20   37
  12   20    9
   1    2   21
   1   22   12
  12   21    7
  12   22    2
  12   22   33
  12   22   34
  12   22    5
   1   22   27
  12    2   33
  12   24   10
  12    2    5
  12   25   19
  12   25   49
  12   27    9
  12   28   14
  12   28   57
  12   30   15
  12   30   46
  12   31    4
  12   32   23
  12    3   26
   1   23    4
  12   34    8
   1   23   52
  12    3   54
  12   36   28
  12   38    1
  12   38   58
  12   42   63
  12    4   38
  12   45   52
  12    4    7
  12   48   10
  12   48   29
  12   49   10
   1    2   50
  12    5   10
  12    5   14
   1   25   16
   1   25   29
  12    5   42
   1   25   44
  12   54   46
  12   56   23
  12   57   22
  12   58   12
   1   25    9
  12    6   11
  12   62   35
  12    6   31
  12   63    4
  12    7    0
  12    7   12
  12    7   17
   1   27   21
   1    2    8
   1   28   48
   1   28    6
  12    9    0
   1   29   17
  12    9   29
  12    9   32
  13    0   14
   1   30    3
  13    0   43
  13   10   53
  13   10   61
  13   10    9
  13   11   10
  13   11   24
   1   31   18
   1    3   12
  13   12   17
   1   31   22
  13   12   27
  13   12   31
  13   12   45
  13   13    2
  13    1   34
  13   14    3
   1    3   15
  13   15   12
  13   15   31
  13    1    6
  13   16   35
  13   16    7
  13   17   37
  13   17   39
  13   18    5
   1   31    9
  13    1    9
  13   19   16
  13   20   43
  13   22   49
  13   23   25
  13   24    0
  13   24   13
  13   24   28
  13   26    6
  13   27   19
   1    3   28
  13   29   37
  13   30    3
  13    3   11
   1   33    2
  13   32    7
  13    3   48
  13   35   60
   1   33   57
  13   37   50
  13   38    1
  13   38   16
  13   38   20
  13   40   11
  13    4   13
  13    4   25
   1   34   26
  13   44    8
  13   46    9
  13   47   46
  13   48   13
  13   50    3
  13    5    1
  13   53   37
  13   56    1
  13   60    0
   1   36   16
   1    3   63
   1   36    3
  13   64   14
  13    6   52
   1   36   58
  13    7   18
  13    7    5
   1   38    8
  13    9   19
  13    9   22
  13    9   34
   1   39   35
  13    9   47
  13    9    5
   1   39   50
   1   39    7
  14    0    2
   1    4    1
  14   10   14
  14   11   13
  14   11    2
   1   41   15
  14   12   53
  14   13   18
  14   13   33
  14   13   40
  14   13    5
   1    4   14
  14   15   23
  14   15    6
  14    1   59
  14   16   22
  14   16    8
  14   18   11
  14   18   27
  14   19   14
  14   19    3
  14   19   31
  14   20    4
  14   21   18
  14   21   46
  14    2   16
  14   22   12
  14   22   39
  14   22   61
  14   23   27
  14    2   44
  14   25   16
  14   26    4
  14   27   23
  14   28   35
   1    4   29
  14    2    9
  14   29   40
  14   30   12
  14   30   25
  14   31   17
   1   43   23
  14   33    1
  14   33   29
   1   43    5
  14    3    6
  14    3   63
  14   36    3
  14   39   22
  14   39   42
  14   40   10
  14    4   36
   1   44   47
  14   46   12
  14   49   38
  14    5    1
  14   51    5
  14    5   27
   1   45   42
  14   56   16
  14   57   63
  14   59   18
   1   46   24
  14   63   41
  14    6    5
  14    7   21
  14    7   24
  14    7   28
  14    7   40
  14    8    9
   1   49    0
  14    9   10
   1   49   28
   1   49    4
  15    0   18
  15    0   32
  15    0   46
  15   10    1
  15   11   36
  15    1   17
   1   51   18
  15   12    6
  15    1    3
   1   51   36
  15    1    4
  15   14   15
  15   14   42
  15   15   10
  15   15   37
  15   16   11
  15   16   57
  15   17   17
  15   17    2
  15   18   14
   1    5   19
  15   20   19
  15   20    5
  15   20   56
  15   21   15
  15   24   53
  15   24    6
  15   25    3
  15   26   26
  15   26   45
  15    2    7
  15   27    8
  15   28    0
  15   32   19
  15    3   22
  15    3   23
  15   32    4
   1    5   33
  15   33   44
  15   35   21
  15   35   38
  15   40   17
  15   40   32
   1   54   13
  15   41   34
  15   42    2
  15   42    9
  15   44    5
  15    4   51
  15   45   29
  15    4    6
  15   47   21
  15   47    6
   1    5    5
  15   52   18
  15   58   30
  15   58    9
  15   61   13
  15    6   13
  15    6   15
  15    6    2
  15    6   26
  15    6   30
  15    7   20
  15    7   55
   1   58   12
  15    8   44
  15    8   59
  15    9   25
  15    9    3
  16    0   17
  16    0    8
  16   10   12
  16   10   34
  16   10   38
  16   11    0
  16    1    2
  16   13    1
  16   13   16
  16    1   41
  16   14   39
  16    1   45
  16   15   47
   1    6   16
  16   16    9
  16   17   13
  16   19   52
  16   19    9
  16   20   32
  16   20    4
  16   21   28
  16   22   12
  16    2   22
  16    2   26
  16   22    9
  16    2    3
  16   23   60
  16   24    5
  16   26   43
  16   27   21
  16   28   20
  16   29   11
   1    6    3
  16    3   13
  16   31   56
  16   32   18
  16   33   33
  16    3   35
  16   34   11
   1   63   54
  16   37    2
  16   39    7
  16   40   31
  16   42   24
  16   43   39
  16   44    1
  16   44   19
  16    4    8
  16   48   36
  16   52   14
  16   52   33
  16    5    3
  16   54    9
  16   58    7
  16    6   12
  16    6   16
  16    6   26
  16    7    6
  16    8   35
  17    0    4
  17   10   25
  17   11   21
  17    1   26
  17    1   31
  17   13    1
  17   13   14
  17   13   29
  17   14   56
  17   15   19
  17   16   24
  17   17   10
  17   17    2
  17   19    8
   1    7    2
  17   21   27
  17   21   42
  17   21    8
  17    2   20
  17   22   35
  17   23   50
  17   25   15
  17   26   39
  17    2    7
  17   28   16
  17   28    3
  17   29   13
  17   30   48
  17   30   63
  17   31    6
  17   33   27
  17    3   37
  17   35   10
  17   36    2
  17   37   26
  17    3    8
   1    7   39
  17   39   18
  17   39    3
  17    4   12
  17   43   15
  17   48   48
  17   49   11
  17    5    1
  17   51    4
  17    5   16
  17   55   27
   1    7    6
  17    6   15
   1    7   62
  17    6    2
  17   63   37
  17   64    3
  17    7   51
  17    8   20
  17    8   33
  17    8    5
  17    9    6
  18   10   11
  18   11   13
  18   12    4
  18    1   30
  18   14   17
  18   14   33
  18   15    6
  18   16   48
  18   17   10
  18    1    8
  18   18   40
  18   19    2
  18   19   25
  18   20   17
   1    8   21
  18    2   14
  18   22   25
  18   24   14
  18    2   42
  18   24   38
  18   25    2
  18   25   30
  18   26   19
  18   27    6
  18   29   10
  18   31   15
  18   32    0
  18   32   55
   1    8   34
  18   34   31
  18    3   47
  18   35   19
  18    3   61
  18   38   51
  18   40    6
  18    4   11
  18   41   12
  18   41   25
  18    4   18
  18   42   44
  18   44   40
  18   48    2
  18    5   38
  18   53    8
  18   54   57
  18   57    2
  18   60   21
  18   60   50
  18   62   15
  18    6    4
  18    6    9
  18    7   53
  18    7   55
  18    8   36
  18    8   43
  18    8    7
  18    9   21
   1    9   10
  19   10   15
  19   10   47
  19   10    5
  19   11   22
  19   12   26
  19    1   33
  19   13    7
  19    1    4
  19   14    3
  19   15   21
  19   15   58
  19   15    8
  19   18    1
  19   18   28
  19    2    1
  19   21   20
  19   21    5
  19    2   18
  19   23   11
  19   25   51
  19    2   57
  19   26   17
  19   27   28
  19   28   56
  19   28    9
  19   31    2
  19   31   23
  19   33    3
  19   33    7
  19   34   22
  19   34   46
  19   37    4
   1    9   38
  19   38   11
  19    3    9
  19   41   35
  19    4   34
  19   44   62
  19   45    7
  19    4    6
  19   46   32
  19   49    9
  19   51   43
  19    5   25
  19    5   27
  19   53   20
  19    5   49
  19   60   11
  19    6   14
  19    7    8
  19    9   17
  19    9   45
  20    0    5
   2    0    1
  20   10    6
  20    1   19
  20   12   13
  20   12   37
  20   13   25
  20   14    0
  20   14    2
  20    1   51
  20   15   12
  20   16   31
  20   16   42
  20   17   50
  20   18   19
  20   21   10
  20   23   23
  20   23    3
   2    0   24
  20   25    9
  20   27   46
  20   27   47
  20   28   15
  20   29    1
  20   29   36
  20   30    5
   2    0   31
  20    3   13
  20   32   21
  20   33   28
  20    3   44
  20   37   14
  20   39    2
  20   40   52
  20    4   10
  20   41   10
  20    4   24
  20   45   22
  20   45    3
  20   46   23
  20   54    4
  20   56   12
  20   59   11
  20    6    0
  20    7    1
  20    7   28
  20    7   32
  20    8   18
  20    9    4
  20    9   64
   2   10    0
  21    0   26
   2   10   29
   2   10   30
   2   11    1
  21    1   10
  21   11   15
  21   11   16
   2   11   17
  21    1   24
  21   12   60
  21   14   35
  21   14    7
  21   15   18
  21   15    4
   2    1   16
  21   16   49
  21   17   10
  21   18    6
  21   19   19
  21   19   29
  21   20   11
   2   12   15
  21   22    7
   2   12    3
   2   12   34
  21   24   45
  21   24   60
   2   12    5
  21    2   61
  21   26   18
  21   27   37
  21   30    6
   2   13   19
  21    3    2
  21   32   12
  21   32   58
  21    3    3
  21   33   36
  21   35    1
  21   35   15
   2   13    6
  21   37    5
  21   39   49
  21   41   14
  21    4   17
   2   14   20
  21    4   30
  21   44   22
   2   14   49
   2   14   56
  21   47    1
  21   50   35
  21   51   10
   2   15   38
   2   15   53
   2    1   59
   2   15    9
  21   59   13
  21    6   22
   2   16   23
   2   16    4
  21   64   46
  21    6    7
  21    7   19
   2   17    2
   2   17   30
  21    8   12
  21    8   39
   2   18   42
   2   19   14
  21    9   36
   2   19    5
  21    9    5
   2   20   18
   2   20   46
  22   10   46
  22   11    3
  22   11   31
  22    1   14
   2    2   12
  22   12   23
  22   12    4
  22   13    8
  22   14   22
  22   15   27
  22   15   40
  22   17   17
  22   18   59
  22   20   35
  22   21    1
  22   21   21
  22   21   29
   2   22   14
  22    2    2
  22   23   17
   2   22   42
  22   24    6
  22   26    7
  22   28   13
  22   28   52
  22   29   10
  22   29   42
   2   23    1
  22   31   48
   2   23   15
  22    3   18
  22   34   25
  22   34    4
   2   23   54
  22   36   35
  22   38   12
   2   24   19
  22   42    4
  22   43   32
  22    4   40
  22   44   12
  22    4   52
   2    2   46
  22   48    5
  22   50   55
  22   52   25
  22    5   29
   2   25    3
   2   25    5
  22    5    5
  22    5   56
  22   56   18
  22   59    2
  22   61   14
   2   26   22
   2   26   31
  22    6    9
   2   27   10
  22    7   10
  22    7   15
   2   27   38
   2   28    9
  22    9   11
   2   29   13
  22    9   27
   2   29    6
   2   30   27
  23   10   55
  23   11   19
  23   11    5
   2   31   16
  23   12   38
   2   31   28
  23   13   32
  23   14   10
  23   16   15
  23   16    2
   2    3   17
  23   17    3
  23   17   31
  23   18    7
  23   19   23
  23   20    8
  23   23   19
   2   32   32
  23   23   39
  23    2   36
  23   24   21
  23   24    4
  23   27    0
  23   27   28
  23    2    8
  23   29   17
  23   29   32
   2   33   13
  23    3   15
  23   31    9
  23    3   28
  23    3   43
  23    3    6
  23   36   30
  23   37    8
  23   39   22
  23   41   53
  23   47   41
  23   50   18
   2   35    1
  23    5   20
  23   53   51
  23   54   17
   2   35   51
  23   56    8
  23   57   60
   2   36   20
  23   62   29
  23    6    3
  23   63    7
  23    6   44
   2   37   19
  23    8    2
   2   38    6
  23    9   14
   2   39   25
   2   40   45
  24    0   57
  24   10    0
   2   41    1
  24    1   10
  24    1   11
  24   12   13
  24   12    4
  24   13   32
  24   13   47
  24   16    3
  24   18   22
  24   18   41
  24   18    7
   2    4    2
  24   20   45
   2   42    2
  24    2   25
  24    2   39
  24   24   18
  24   25   33
  24   26   11
  24   27   34
  24   29   54
  24   30    3
  24   30    8
  24    3    1
  24   31   24
  24   32   31
  24   33    9
  24   36   20
  24   38   21
   2    4    4
  24    4    0
  24   43   43
  24   43    9
  24   45   10
  24   46   14
   2   44    8
   2    4   51
  24    5   14
  24    5   16
  24   51    7
   2   45    3
  24    5   35
  24   54   27
  24    5    5
  24    5    6
  24   56   30
  24   58   20
  24    6   38
   2   46   47
   2   47   14
  24    7   19
   2   47   34
  24    7   54
   2    4    8
  24    8    9
  24    9   25
  24    9   28
  24    9   51
  25    0   11
   2   50    8
  25   10    3
  25   10   37
  25   12    2
  25   13   42
  25   14   22
  25   14    7
  25   15   12
  25   16   36
  25   18   16
  25   19    1
  25   19   35
  25   20   20
  25   20   60
  25   20    7
  25   21   55
  25   23   14
  25    2   33
  25   24    0
  25   24   33
  25    2   48
  25   25   52
  25   26   10
  25   26   24
  25   26    5
  25   29   41
  25   31    2
   2   53   15
  25   32   18
  25   32   45
   2   53   27
  25   34   22
  25   37   54
  25   39   31
  25   40   11
  25   41    1
  25    4   25
  25   43    4
  25   44   28
   2   54   59
  25   45    9
  25   50   22
  25    5    1
  25    5   29
   2   55    4
   2    5   55
  25   55   39
  25   57   10
  25   64   33
   2   56   53
  25    6   56
  25    8   10
   2   58   21
  25    8   24
  26    0    7
  26   11   52
  26    1   21
  26   12   10
  26   12   17
  26   13   56
   2   61   40
  26   14   11
  26   14   29
  26   14   46
  26   15   27
  26   16   15
  26   17    4
  26   18    3
  26   20   23
  26    2   12
  26   21    8
  26   22   16
  26   22    4
  26   23   50
   2   62   44
  26   25   42
  26    2    7
  26   30   29
  26   31   35
   2   63   17
  26   32    6
  26    3   40
  26   34   13
  26   39    6
  26    4   11
  26   41   25
   2    6   43
  26   43   19
  26   48   15
  26    5   16
  26    5   27
  26    5   44
  26   61    2
  26    6   17
  26    6    4
   2    6    8
  26    9   33
  27   10    1
  27   10   12
  27   11   28
  27    1   22
  27   13   20
  27   16    2
  27   18   13
  27   19   41
   2    7   21
  27   21   32
  27   22   23
  27   22   26
  27    2   23
   2    7   25
  27   25    3
  27    2    8
  27   29    5
  27    3   15
  27    3    2
  27   34    0
  27   35   59
  27   37   17
  27   39    9
  27   41   40
  27    4   61
  27   46   45
  27   47   25
  27   49    5
  27   52   38
  27   55    0
  27    5    7
  27   57   47
  27   59   24
  27    6    3
  27    6   31
  27    8   21
  27    8    8
  28    0   18
   2    8   10
  28   10   16
  28   10   19
   2    8   11
  28   11   50
  28    1   63
  28   16   55
  28   18   28
  28   19   13
  28   19   17
  28   20    5
  28    2    1
  28   22    1
  28    2   29
  28   25   20
  28   27    6
  28   28   28
  28   30   14
  28    3   37
  28   34   41
  28   35   18
  28   36    7
  28   36    8
   2    8   37
  28   37   27
  28    4    3
  28   43   32
  28   43   58
  28   44   27
  28   46   35
  28   46    4
  28   54   14
  28   54   17
  28    5    6
  28   60    8
  28   62    4
  28    6   25
  28    7   41
   2    8    8
  28    8   42
  28    9   12
  29    0   23
  29    0   39
  29   10   34
  29   11    9
  29   12   11
  29   12   14
  29   14   45
  29    1    5
  29   15   30
  29   16    3
  29   17   22
  29   21   24
  29   22   20
   2    9   24
  29   24   12
  29   27    1
  29   27   16
  29   28   43
  29   31   11
  29   32   52
  29   35   28
  29   38    3
  29   38   62
  29    4    2
  29    4   21
  29   42    7
  29   43    0
  29    4   43
  29   45   50
  29   47   14
  29   47   19
  29   51   13
  29    5   12
  29   54    7
  29   59   26
  29    6   35
  29    7    1
  29    8   52
  29    9   18
  29    9   33
  29    9    4
  30   10   44
  30   10   58
  30    1   11
  30   11    8
  30   12    0
  30    1   27
  30   13    1
  30    1   54
  30   15    5
  30   16   18
  30   17   37
  30   18   10
  30   19    2
  30   21   14
  30    2   15
   3    0   22
  30   23   10
  30   23   22
  30   24   14
  30   28    3
  30   29   23
  30    3    3
  30    3   31
  30   33   12
  30   34    4
  30   36   48
  30    4   18
  30   50    6
  30    5   62
  30   56   60
  30   57   31
  30    5    8
  30   58   16
  30   63   25
  30    7   23
  30    7   27
  30    8   20
  30    9    5
   3   10   16
  31    0   17
   3   10   20
   3   10    5
  31   10   12
  31   11   18
  31   11    7
  31    1    2
  31   12   50
  31   14   23
  31   15    6
  31   17   59
   3    1   19
  31   19   36
  31   20    4
  31    2   13
   3   12    2
  31   22   57
   3   12   30
   3   12   39
  31   24   33
  31   25    2
  31   27   13
  31   29   45
  31   30    8
   3   13   21
  31   33   14
   3    1   34
  31   35    7
   3   13   58
  31   37   38
   3   13    8
  31   40    0
  31   40    4
  31    4   19
  31    4   34
  31   44   12
  31    4    5
   3    1   47
   3   14    7
  31   47   54
  31   49   35
   3    1    5
   3   15   11
   3   15   12
   3   15   13
   3   15   25
  31    6   10
  31   61   42
   3    1   62
  31   62    2
   3   16   41
  31    7   38
   3   17    4
   3   17   52
  31    7    9
   3   18   16
   3   18   17
  31    8   30
   3   18   32
   3   19    1
  31    9    2
  32    0    4
  32    0   61
   3   21   10
  32   11   16
   3   21   21
   3   21   34
  32   13   60
  32   13    7
  32    1    4
  32   14   26
  32   15   16
   3   21    6
  32   16   25
  32   20   39
  32   20    6
  32    2   18
   3   22    3
   3   22   30
  32   23    8
  32   24    2
  32   24   47
  32   25   24
   3   22   62
  32   31   37
   3   23    2
  32    3   37
  32   34    8
  32    3    9
  32   40   18
  32   40   44
  32   42   21
   3   24   41
  32   44   17
  32   48   39
   3    2    5
  32   50   10
  32   52    1
   3   25   22
  32   52   29
  32    5   48
   3   25    7
  32   58   23
  32    6   13
  32    6   14
   3   26   18
  32    7    3
   3   28   12
  32    8   12
   3   28   24
   3   29   16
   3   30   43
  33   10   23
  33   10   26
   3   31    1
  33   12    3
  33   15   35
  33   16    0
  33   18    4
  33    1    9
  33   21   57
  33   22   24
  33    2   33
  33    2    5
  33   26   13
  33   26   55
  33   28   32
  33   30    5
   3   33   20
  33   32    6
   3   33   34
  33   34   25
  33   36    0
   3   33    7
   3   33    8
  33    4   11
  33   41   11
   3   34   39
  33   44   32
  33    4   47
  33   46    9
  33   49   62
   3   35   11
  33   51   19
  33    5   13
  33    5   17
  33    5    4
  33   55   43
  33   63   41
   3   37   29
  33    7   46
   3   39   10
  33    9   22
  34    0   46
   3    4   10
  34   11   13
  34   12    1
  34   14   32
  34   15   50
  34   16   10
  34   16   22
  34   17   14
  34    1    8
  34   19   27
  34   22   11
  34   23   39
   3    4   24
  34   24    3
   3   42   51
   3    4   26
  34   26   16
  34   27   22
  34    3    1
   3   43   17
  34   32    9
  34   35   35
  34   37    3
   3    4   38
  34    4    2
  34   42   14
   3   45   20
  34   53   12
  34    5   39
   3   45    8
  34   60   37
  34    6   20
  34   63    1
   3   46   64
  34    7    7
   3   48    1
  34    8   59
  34    8    9
   3   49   26
  34    9   36
   3   49    7
   3    5    0
  35    0    7
  35   10    4
  35   10   63
  35   11    0
   3   51   11
  35   12   42
   3    5   13
  35    1   31
  35   13    5
  35   14   12
  35   18   17
  35   18    2
  35   19   41
  35    2   11
  35   21   18
  35   21   36
  35   23   14
  35   24   28
  35   25    6
  35   28   10
  35   30    2
  35   30   27
  35    3   26
  35   33   19
  35   33    4
  35   34   62
   3   53   49
  35   38   15
   3   54    0
  35   45    4
  35   46   48
  35   51   57
   3   55   19
   3    5   54
  35   55    3
  35   60   15
  35    7   14
  35    7   24
  35    7   29
   3    5    8
   3   59   31
   3   59    9
   3   60   13
  36   10   22
  36   11   41
  36    1   21
  36   12   42
  36   14   18
  36    1   52
   3    6   17
  36   17   53
  36   18   35
  36   19   31
  36   20   12
  36   20    8
  36   21    5
  36    2   60
  36   27   63
   3   62    8
  36   28   28
  36   29   18
  36   29   49
  36   30   17
   3    6   31
  36    3   12
  36   34   41
  36   36   12
  36   38   30
  36   40    7
  36    4   28
  36    4   29
  36   46   27
  36   48    0
  36    4    9
  36   54   20
  36   56   13
  36   62    6
  36    6    5
  36    9    3
  37    0   12
  37    0   14
  37    0   27
  37   10   32
  37   12    2
  37   14   31
  37   14   34
  37   15    3
  37   16   53
  37   17   25
  37   17    6
  37   17    8
  37   18   45
  37    2    0
  37   20   15
  37    2   19
  37   22   23
  37   24    2
  37   27   41
  37   29    8
  37   32   13
  37    3   44
  37   37   21
  37   38   53
  37   41   29
   3    7   45
  37   47   17
  37   47    2
  37   55    7
  37   61    6
  37    6   21
  37    6   38
  37   64   59
  37    8   13
  37    9   55
  38   10    7
  38   11   47
   3    8   12
  38    1    2
  38   12   20
  38   12    8
  38    1   30
  38   13   24
  38   17   10
  38   18   20
  38   19    5
  38   20   49
  38    2   18
  38   22   33
  38   25    9
   3    8   28
  38   30   58
  38   33    0
   3    8   35
  38   39   13
   3    8    4
  38    4    7
  38   48   43
  38   49    9
  38   50   11
  38    5   11
  38    5   56
  38   57   34
  38   60   16
  38    6   23
  38    7    3
  38    9    1
  39    0    3
   3    9    1
  39   11   10
  39   14   14
  39   15    4
  39   16   29
   3    9   18
  39   20   27
  39   21   61
  39   22   54
  39    2   37
  39    2   40
  39   24   37
  39   26   16
  39   27    1
  39   31   25
  39   35   14
  39   39   38
  39   40    3
  39    4   16
  39   41    7
  39    4   22
  39   45    1
  39   52   52
  39    5    8
  39   58    2
  39    6   60
  39    7   12
  39    8   16
  40    1   12
  40   11   29
  40    1   15
  40   13   63
  40   14    6
  40   15   19
  40   15    3
  40   21    2
  40   23   15
  40   25   46
  40   27   50
  40   30    5
  40    3   16
  40   32   27
  40   33    4
   4    0   37
  40   40   57
  40    4    3
  40   43   25
  40   45   14
  40    5   50
  40   58   36
  40    7    9
  40    8    6
   4    0    9
  40    9   28
  40    9   52
   4   10   10
  41    0   15
   4   10   38
  41   10   39
  41   11   19
   4   11   12
  41   11    4
   4   11   15
  41    1   22
  41   14   21
  41   15   13
   4   11   54
  41   16   40
  41   18   17
  41   19   32
   4   12    0
  41   21    9
  41   22    5
   4    1   23
   4    1   24
   4   12   58
   4    1   26
  41   26   28
  41    2   64
  41   26    6
  41   30   18
   4   13   14
   4   13    3
  41   35    4
  41   37    9
  41   41   17
  41    4   26
   4   14   31
   4   14    4
  41   44   44
   4   15    0
  41   50   37
  41   52    3
   4   15   32
   4    1    6
   4   16   34
  41    6    8
  41    7    0
   4   17   51
   4   17    6
  41    8   27
  41    8   59
   4   20   13
   4   20   24
   4   20   44
  42   11    7
  42   12   23
   4   21   27
  42   13   11
  42   14   45
  42   14   62
  42   15   30
  42   16    1
  42   18    7
  42    1    9
  42   20   36
   4   22   21
  42   23   51
  42   24    9
  42   28    1
  42   30   45
  42    3    1
  42    3   13
  42   32   22
  42   33   14
   4   24   12
  42   41   26
   4   24   40
  42    4   43
  42   44    8
  42   48   31
   4   25   28
  42   53   24
   4    2    6
  42   60    3
  42    6    4
   4   27    1
  42    7   20
   4   28   44
   4   28    5
   4   29   33
   4   29    5
   4   29   53
   4   30   34
   4   30    6
  43   13   18
  43   13   36
  43   16   16
  43   19   11
   4    3    2
   4   32   10
  43   21   49
  43    2   24
  43   25   19
  43    3    0
  43   31   12
  43   33   31
  43   34    1
   4   33   57
  43   39   10
  43   39   25
   4    3   41
  43   46   61
   4   35   14
   4   35   18
  43   51    8
  43    5   23
  43   53   39
  43    5    4
  43   55   16
  43    5    6
   4   36   15
  43    6   42
  43    6   47
  43    7   37
   4   37    4
   4   38   46
  43    9   12
   4   39    3
   4   40   23
  44    0   34
  44   10    1
   4    4   11
  44    1    2
   4   41   27
   4    4   13
  44   13    8
  44    1    4
  44   15    9
  44   17    5
   4   41    8
  44   18   14
  44   25   33
  44   26    3
  44   27   10
  44   33   54
   4   43    5
  44   36   24
  44   37   43
  44    4   22
  44   42   47
  44   43   12
   4    4   45
  44    5   26
   4   45   43
  44   54   33
  44   61   24
  44   62   19
   4   47   12
  44    7   57
   4   48   16
  44    9   15
  44    9   16
   4    5    1
   4   51   17
  45    1   18
  45   12   14
  45   12   29
  45   20   28
  45   21    5
  45   22   36
  45   23    8
  45   24   15
  45   28   59
  45   29   21
   4    5    3
  45   30   14
  45   37    2
  45   39    4
  45    4   13
   4   54   34
  45    4   57
  45   49   12
  45   59   42
   4   56   29
  45   64   11
  45    6   51
   4   57   10
  45    7    2
  45    8    6
   4   59   30
  45    9   50
  46   10   10
  46   11   60
  46    1   43
  46   14    5
  46   15    7
   4   61    7
   4    6   18
  46   18   23
  46   20   18
   4   62    3
  46   23   46
  46   24   23
  46   28   19
  46   29   36
  46   31    1
  46   36   64
  46   38   26
  46   49   22
  46    5   24
  46    5    4
  46   55    0
  47    0   15
  47   10   23
  47    1   33
  47   14   22
  47   17    1
  47   22   11
  47    2   53
  47   26   29
  47    3   10
   4    7   32
  47   32   31
  47    3   34
  47   35   22
  47   35    7
   4    7   36
   4    7    4
  47   41   20
  47   45   14
  47   47    5
  47   49   49
   4    7    5
  47   51    7
  47    6   12
  47    8   29
  47    9   46
  47    9    9
  48    0   29
  48   12    4
  48   13    2
  48   16   32
  48   19   50
  48   19   54
  48   21   16
   4    8   22
  48    2    6
  48   27    5
  48   28    4
  48   31   40
  48   32    2
  48    3   25
  48    3    6
  48   40   14
  48   40   31
  48   43   38
  48   43    8
   4    8   50
  48   51   16
  48   58   52
  48    6    1
  48    8   19
  49   10    9
  49   13   13
  49   14   40
  49   16    8
  49   18   64
   4    9   19
  49   21   26
  49    2    4
  49   25   11
  49   25   38
  49   32   17
  49   39    5
  49   44    2
  49   49   32
  49    5    0
  49   55   23
  49    5   59
  49    6   28
  49   63   21
  49    7   17
  50   11   36
  50    1   14
  50   14    1
  50   15   20
  50    1    7
  50   18    9
  50   20    1
  50   23   22
  50    2   45
  50   25   13
   5    0   30
  50   35    3
  50   41   58
  50   42   28
   5    0   43
  50   61    7
  50    6   49
  50    9    8
  51   10   31
   5    1   11
  51   11   12
   5   11   16
  51    1   17
  51    1    2
   5   11   20
   5    1   13
   5   11    3
  51   13   25
   5   11   48
   5    1   15
  51   19   24
   5    1    2
   5   12   11
  51   21    4
  51   23   12
  51   28   40
  51   30   10
   5   13   18
   5   13   25
  51   33   63
   5   13   49
  51   35   33
  51   39   42
  51    4   36
  51   46   16
   5   14    8
  51   51   27
  51    5   18
   5   15   19
  51   52   10
  51   53    4
   5   15   42
   5   15   47
   5   15    5
   5   16   23
   5   16    8
   5   17   11
  51    7   13
   5   17   24
  51    8   54
   5   18    9
   5   19   61
   5   20   17
   5   20    2
   5   20   30
   5   20    4
  52    0   54
  52   11   21
  52    1    3
  52    1   35
   5    2   16
  52   16   27
  52   17    3
  52   17   34
  52   23    7
   5    2   26
   5   22    8
  52   28   11
   5   23   12
   5   23   31
  52   34   24
  52   38   11
  52    3    9
   5   24    1
  52   45   10
  52   46    6
   5   25   15
   5   26   54
  52    7   15
   5   27   20
   5   27   39
  52    8   13
   5   28    3
   5   29   24
  52    9   44
  52    9   48
   5   29    9
  53    0   25
  53    0    8
  53   11    0
  53    1   50
  53   15    2
   5    3   18
   5    3   20
   5   32    0
  53   20   56
   5   32   13
   5   32   28
  53   24   44
  53    2   45
  53   26   21
   5    3    3
  53   32   42
   5    3   35
  53   35    2
  53   38   35
  53   41   13
  53    4   15
   5   34    5
  53   45   21
  53   50   19
   5   35   32
   5   35    5
  53   59   12
  53   63   30
   5   36   37
  53    6    7
   5    3    7
  53    8   21
  53    8   38
   5   38    7
   5   39    2
   5   40   13
  54   10   30
  54    1   11
  54   11   17
  54   11   61
  54   12    7
   5   41   46
  54   15   24
  54   18   43
  54   20   20
   5   42   18
  54   22   13
  54   23    1
  54   29   55
  54   30   26
   5    4   31
  54   31   33
  54   31    6
  54    3    5
  54   36   19
   5    4    4
   5   44   11
   5   44   14
  54    4   37
   5   45   39
  54   57    5
   5    4   60
   5   47   16
   5   47   33
  54    8   11
   5   49   10
   5    5   12
  55   12   22
  55   12    3
   5   51   51
  55   16   12
  55   19   10
  55    2   23
  55   22   30
   5   52   28
  55   24    7
  55   27   61
  55   29   16
  55    3   27
   5   53    9
  55   41   49
  55    4   51
  55   47   37
  55   49    2
   5   55   23
   5    5    6
  55   61   14
  55    6   28
  55    6    4
  55    6    9
  55    8    1
   5   58   20
   5   58    3
   5   58   40
  56    0   42
  56   11   12
   5   61   22
  56   13   31
  56    2   22
   5    6   23
  56   25   17
  56   27   18
   5   63    1
  56   31    8
  56   33   11
  56   36   28
   5    6   37
   5    6   39
  56    4    2
  56   43   55
  56    5   19
  56   52   48
   5    6    8
  56    9   35
  57   14   53
  57   17   21
  57   18    0
  57   20   44
  57    2   32
  57   27    8
   5    7   29
  57   30   60
  57    3    2
  57   32   30
  57   34    6
  57   37   41
  57   44   15
  57   50    6
  57    5    9
  57   64   17
   5    7    9
  57    9    8
  58   12   49
  58   13   43
  58   14   14
  58   15   11
  58   15   33
  58    1    8
  58   20    7
  58   21    0
  58   23   35
   5    8   28
  58   29   13
  58   42   10
  58    4   24
  58   43    3
  58    4   36
  58   48   11
  58   49   26
   5    8   56
  58   56   53
  58   59   48
  58    6    1
   5    8    9
  58    9   20
  59   10   27
  59   13    4
   5    9   15
  59   16   60
  59   17    3
  59   19   37
  59    2   10
  59   21   17
  59   23   25
  59   26   48
  59   36    1
  59    4   48
  59   52   22
   5    9    6
  59    6   16
  59    7    5
  60   10    2
  60   10    3
  60   13   18
  60   15   39
  60   25    4
  60    3   33
  60   38   23
   6    0    4
  60   42   15
  60    5   10
  60   54    1
  60    6   28
  60    7   26
   6   10   21
  61   10   18
  61   12   13
   6   11   36
  61   15   30
   6   11    6
  61    1   63
   6    1   17
  61   17    6
   6   12   24
  61   22    4
   6   12   40
  61   24   57
   6   12    7
  61   28   27
   6   13   11
  61    3   27
   6   13   28
  61   33   51
  61   35   15
   6   14   10
  61   42    6
   6   14   39
  61    4    6
  61   46    3
   6    1   53
   6   16    0
  61    6   19
   6   16   29
   6   16   57
   6   18   14
   6   18    2
   6   18   34
   6   20   53
   6    2    1
  62   11   30
  62    1   23
  62   12    9
   6   21    5
  62   17   21
  62   18   55
   6   22    4
   6   22   61
  62   26   25
  62   29    7
   6    2    3
   6    2   31
  62    3   18
   6   23   48
  62   36   32
   6   24   18
   6   24   37
   6   25   26
   6   25    3
  62    5   46
  62   56   45
   6   27   14
   6   28    1
   6   28   11
   6   28   29
  62    8    5
  63    0    1
   6   30   12
  63   14    7
  63   21   13
   6    3   22
  63   22   43
   6    3   23
   6   32    4
   6   32   51
  63   26   12
   6   33   16
  63   33   11
   6   33   42
   6   34   23
  63    4    3
   6   34    7
  63   48   20
   6   36   12
  63   61   27
  63    8   14
   6   38   29
  64   15    2
   6   41   55
   6   41    6
  64   19   38
   6   42   36
  64   26    8
  64   31   21
   6    4   34
  64   40    2
   6   44    1
   6   45    2
   6   46    6
   6    4    7
   6   47   56
   6    4    8
   6   49   37
   6   50   15
   6   50   25
   6   51    2
   6    5   14
   6   52   42
   6    5   25
   6   54   19
   6   55    8
   6    5    6
   6   56   50
   6   59    5
   6   60   31
   6    6   13
   6    6   61
   6    7   11
   6    7   16
   6    7   27
   6    7   44
   6    8   17
   6    9    1
   6    9    2
   6    9   31
   6    9    5
   7   10   45
   7   11   22
   7   11   23
   7   11   51
   7    1   19
   7   11    9
   7   13   10
   7   13   62
   7    1    4
   7   14   15
   7   14    2
   7   15    2
   7   16   16
   7   16   20
   7   16    3
   7   17   35
   7   17   44
   7   17   63
   7   18   21
   7   18   36
   7   18    8
   7   19   28
   7   19   43
   7    2   11
   7   21    1
   7    2   27
   7   22    9
   7   23   23
   7   23   33
   7    2   41
   7   24   40
   7   24    6
   7    2   56
   7    2   57
   7   26   11
   7   26   13
   7   26    4
   7   27   17
   7   27   32
   7   29   18
   7   29   46
   7   29   64
   7   30   22
   7    3    1
   7    3   10
   7   31   26
   7    3   16
   7    3   29
   7   34   30
   7    3   44
   7   36    8
   7   37    0
   7   37   59
   7   38   11
   7   38   27
   7   39   38
   7   40   21
   7   40    4
   7   43   24
   7   44   16
   7   48   13
   7   49   47
   7    5   21
   7   52    5
   7    5   33
   7   53    6
   7    5   49
   7   57   18
   7   61   61
   7    6    2
   7    6   20
   7   64   38
   7    6    7
   7    7    0
   7    8    3
   7    8    7
   7    9   18
   7    9   32
   8    0   13
   8    1    0
   8   10    2
   8   10   32
   8    1   11
   8   11   12
   8   11   45
   8   12   17
   8   12   36
   8   12   37
   8    1   27
   8   12    7
   8    1   28
   8   13    3
   8   14   19
   8   14   22
   8   15   34
   8   16   39
   8   16    6
   8   18   10
   8   18   12
   8   19    1
   8   19   25
   8   20    0
   8   21   15
   8    2   14
   8   21   46
   8   22   24
   8   22    8
   8   24   19
   8    2   42
   8   24   30
   8   25   62
   8   26    2
   8   27   53
   8   28    7
   8   30   21
   8   30   37
   8   30    9
   8    3    1
   8   33    1
   8   33   12
   8    3   32
   8   34   20
   8    3    5
   8    3   51
   8   35    5
   8   36   50
   8   38   14
   8   38   41
   8   40   11
   8   41   18
   8   43   26
   8    4    4
   8    4   47
   8    4    5
   8   45   23
   8   46    3
   8   46   30
   8   48    7
   8    5   10
   8    5   19
   8   52    1
   8   55    1
   8    5   52
   8   58   49
   8   62   48
   8   63   14
   8    6    9
   8    7   23
   8    7   24
   8    8   12
   8    8   26
   8    9   13
   8    9   41
   9    0    3
   9   10   20
   9   10   54
   9   10    7
   9   11   35
   9   12    3
   9   13   12
   9    1   38
   9   14   23
   9   14   37
   9   14    8
   9   15    1
   9   16   14
   9   16   29
   9   16   56
   9   17   11
   9   17    6
   9   18   20
   9   18   33
   9   19   48
   9   20   21
   9   21   25
   9    2   21
   9   22   18
   9    2    3
   9   23    3
   9    2   34
   9   26   11
   9    2   62
   9   26   22
   9   26   26
   9   26    9
   9    2    7
   9   28    2
   9   30   31
   9   31    3
   9    3   18
   9   32    1
   9   33   15
   9   34   39
   9   37   24
   9   37    9
   9   40    0
   9   40   14
   9   40   33
   9    4   14
   9   42   28
   9   42    5
   9    4   42
   9   44   60
   9   47    3
   9   49   17
   9   51   14
   9   51   48
   9   53   16
   9    5   32
   9    5    4
   9    5   46
   9   55   10
   9   57   27
   9   60    4
   9    6   24
   9    7    1
   9    7   10
   9    8   15
   9    8   16
   9    8    2
   9    8   43
   9    9   50
